uis <-structure(.Data = list(ID = c(1, 2, 3, 4, 5, 6, 7, 8, 9, 10, 12, 13, 14, 15, 16,
	17, 18, 19, 20, 21, 22, 23, 24, 25, 26, 27, 28, 29, 31, 32, 33, 34, 35, 
	36, 37, 38, 39, 40, 41, 42, 43, 44, 45, 46, 47, 48, 49, 50, 51, 52, 53, 
	55, 56, 57, 58, 59, 60, 61, 62, 63, 64, 65, 66, 68, 69, 70, 72, 74, 75, 
	76, 77, 78, 79, 81, 83, 84, 85, 87, 88, 89, 90, 91, 93, 94, 95, 96, 97, 
	98, 99, 100, 102, 104, 105, 106, 108, 111, 112, 113, 114, 115, 116, 117,
	119, 120, 121, 122, 123, 124, 125, 127, 128, 129, 130, 131, 132, 133, 
	134, 135, 136, 137, 138, 139, 140, 141, 142, 143, 144, 145, 146, 147, 
	148, 149, 151, 153, 154, 155, 156, 157, 158, 159, 160, 162, 163, 164, 
	165, 166, 167, 168, 169, 170, 171, 172, 174, 175, 176, 177, 178, 179, 
	180, 181, 183, 184, 185, 186, 187, 188, 189, 190, 192, 193, 195, 196, 
	197, 198, 199, 200, 201, 202, 203, 205, 206, 207, 208, 209, 210, 211, 
	213, 214, 215, 217, 218, 219, 221, 222, 223, 224, 225, 226, 227, 228, 
	229, 230, 232, 233, 234, 235, 236, 237, 238, 239, 240, 241, 242, 243, 
	244, 245, 246, 247, 248, 249, 250, 251, 252, 253, 254, 255, 256, 257, 
	258, 259, 260, 261, 262, 263, 264, 265, 267, 268, 269, 270, 272, 273, 
	274, 275, 276, 277, 278, 279, 280, 281, 282, 283, 284, 285, 286, 287, 
	288, 289, 290, 291, 292, 293, 294, 295, 296, 297, 298, 299, 300, 301, 
	302, 303, 304, 305, 306, 308, 309, 310, 311, 312, 313, 314, 315, 316, 
	317, 321, 322, 323, 324, 325, 326, 327, 328, 329, 330, 331, 332, 333, 
	334, 335, 336, 337, 338, 339, 340, 341, 342, 343, 344, 345, 346, 347, 
	348, 349, 350, 351, 352, 353, 354, 356, 357, 358, 359, 360, 362, 363, 
	364, 365, 366, 367, 368, 369, 370, 371, 372, 373, 374, 375, 376, 377, 
	379, 380, 381, 382, 383, 384, 385, 386, 387, 388, 389, 390, 391, 392, 
	394, 395, 396, 397, 398, 399, 400, 401, 402, 403, 404, 405, 406, 407, 
	408, 410, 411, 412, 413, 415, 416, 417, 418, 419, 420, 421, 422, 423, 
	424, 425, 426, 427, 429, 430, 431, 432, 434, 435, 436, 437, 438, 439, 
	440, 441, 442, 444, 445, 446, 447, 448, 449, 450, 451, 452, 453, 454, 
	455, 456, 457, 458, 459, 460, 461, 462, 463, 464, 465, 466, 467, 468, 
	469, 470, 471, 472, 473, 474, 475, 476, 477, 478, 479, 480, 481, 482, 
	483, 484, 485, 486, 487, 488, 489, 490, 491, 492, 493, 495, 496, 497, 
	498, 499, 501, 502, 503, 504, 506, 507, 508, 509, 510, 511, 512, 514, 
	515, 516, 517, 518, 519, 520, 521, 522, 523, 524, 525, 526, 527, 528, 
	529, 530, 531, 532, 533, 534, 536, 538, 539, 540, 541, 542, 543, 544, 
	545, 546, 547, 548, 549, 550, 551, 552, 553, 554, 555, 556, 557, 558, 
	559, 560, 561, 562, 563, 564, 566, 567, 568, 569, 570, 571, 572, 573, 
	574, 575, 576, 577, 578, 579, 580, 581, 582, 583, 584, 585, 586, 587, 
	588, 589, 590, 591, 592, 593, 594, 595, 596, 598, 599, 600, 601, 602, 
	603, 604, 605, 606, 607, 608, 609, 610, 611, 612, 613, 614, 615, 616, 
	617, 618, 619, 620, 621, 622, 624, 625, 626, 627, 628), AGE = c(39, 33, 
	33, 32, 24, 30, 39, 27, 40, 36, 38, 29, 32, 41, 31, 27, 28, 28, 36, 32, 
	33, 28, 29, 35, 45, 35, 24, 36, 39, 36, 37, 30, 44, 28, 25, 30, 24, 27, 
	30, 34, 33, 34, 36, 27, 35, 24, 28, 46, 26, 42, 30, 30, 27, 38, 48, 36, 
	28, 31, 28, 28, 26, 34, 26, 31, 41, 30, 39, 33, 33, 29, 36, 26, 37, 29, 
	30, 35, 33, 36, 28, 31, 23, 33, 37, 25, 56, 23, 26, 26, 23, 28, 30, 25, 
	33, 22, 25, 38, 35, 35, 25, 33, 30, 45, 42, 29, 24, 33, 32, 26, 28, 37, 
	23, 40, 36, 23, 35, 25, 35, 46, 32, 35, 34, 43, 39, 27, 38, 37, 44, 25, 
	34, 34, 38, 24, 42, 34, 45, 40, 27, 24, 27, 34, 36, 31, 40, 40, 37, 25, 
	41, 22, 31, 29, 27, 22, 37, 36, 24, 28, 24, 28, 24, 24, 29, 37, 26, 29, 
	29, 33, 29, 32, 33, 26, 24, 46, 23, 40, 48, 33, 21, 38, 28, 39, 37, 32, 
	39, 28, 26, 31, 34, 26, 29, 25, 34, 32, 38, 32, 31, 40, 28, 40, 32, 29, 
	25, 32, 37, 38, 31, 30, 34, 33, 36, 32, 29, 32, 34, 26, 25, 30, 33, 40, 
	26, 26, 35, 26, 33, 27, 29, 29, 39, 43, 35, 26, 27, 28, 30, 31, 26, 36, 
	25, 26, 30, 28, 34, 31, 30, 35, 30, 37, 29, 23, 23, 44, 43, 38, 33, 36, 
	26, 30, 34, 32, 30, 37, 35, 30, 34, 40, 28, 32, 45, 24, 43, 38, 33, 26, 
	40, 27, 39, 29, 28, 37, 37, 40, 25, 40, 40, 34, 41, 23, 36, 28, 23, 27, 
	32, 38, 38, 45, 26, 29, 33, 25, 36, 37, 29, 29, 35, 33, 31, 37, 32, 33, 
	36, 26, 35, 25, 33, 36, 38, 36, 36, 35, 35, 39, 37, 30, 26, 39, 32, 26, 
	33, 36, 42, 37, 37, 32, 23, 21, 23, 34, 33, 33, 26, 28, 27, 22, 31, 29, 
	44, 26, 44, 34, 36, 43, 37, 44, 31, 24, 37, 41, 32, 23, 33, 43, 33, 41, 
	41, 37, 26, 33, 30, 33, 33, 37, 44, 20, 33, 36, 34, 35, 38, 24, 24, 32, 
	35, 33, 29, 42, 23, 28, 43, 33, 37, 49, 36, 27, 35, 25, 33, 34, 38, 36, 
	27, 40, 32, 38, 38, 23, 26, 36, 30, 31, 23, 43, 24, 42, 35, 21, 45, 43, 
	24, 37, 40, 27, 29, 34, 29, 35, 39, 41, 37, 30, 31, 40, 32, 32, 27, 23, 
	23, 43, 24, 36, 29, 39, 23, 27, 26, 26, 25, 34, 45, 23, 26, 24, 30, 22, 
	25, 30, 33, 34, 29, 39, 26, 32, 42, 39, 36, 22, 27, 28, 36, 31, 27, 23, 
	24, 38, 25, 26, 22, 33, 30, 45, 24, 27, 36, 38, 31, 40, 22, 31, 39, 33, 
	27, 37, 35, 25, 27, 34, 30, 35, 34, 25, 34, 24, 24, 40, 33, 38, 32, 33, 
	28, 31, 31, 33, 24, 26, 31, 40, 34, 30, 36, 38, 31, 27, 32, 35, 44, 31, 
	28, 40, 25, 32, 29, 40, 27, 26, 34, 49, 21, 39, 33, 32, 35, 31, 28, 27, 
	29, 30, 27, 40, 37, 33, 28, 40, 48, 38, 35, 37, 25, 26, 30, 28, 23, 36, 
	36, 24, 33, 38, 41, 31, 31, 37, 37, 33, 53, 37, 28, 35, 46), BECK = c(9,
	34, 10, 20, 5, 32.55, 19, 10, 29, 25, 18.9, 16, 36, 19, 18, 12, 34, 23, 
	26, 18.9, 15, 25.2, 6.632, 2.1, 26, 39.789, 20, 16, 22, 9.947, 9.45, 39,
	41, 31, 20, 8, 9, 20, 8, 8, 23, 18, 13, 23, 9, 14, 23, 10, 11, 16, 0, 
	12, 21, 0, 8, 25, 6.3, 20, 4, 20, 17, 3, 29, 26, 12, 24, 15.75, 9, 18, 
	20, 17, 3, 27, 31.5, 19, 15, 22, 16, 17, 32.55, 24, 22, 18, 17.85, 5, 
	39, 21, 11, 14, 31, 14, 6, 16, 6, 20, 9, 11, 15, 13, 31, 5, 10, 23, 16, 
	37.8, 10, 9, 15, 2, 34, 11, 31, 36.75, 26, 5, 19, 21, 1, 6, 23, 38, 24, 
	3, 16.8, 35, 11, 2, 16, 15, 11, 11, 22, 18, 29, 27, 16, 9, 0, 15, 24, 3,
	9, 5, 13, 29, 11, 22, 9, 18, 40, 25, 26, 11, 6, 20, 9, 6, 0, 5, 15, 
	14.7, 3, 31, 14, 28, 18, 12, 5, 11, 21, 23, 32, 26, 19.95, 17, 16, 
	26.25, 29, 23, 9, 26, 22, 23, 0, 30, 21, 19, 28, 8, 11, 15, 8, 14, 7, 
	13, 10, 17, 18, 5, 20, 31, 15, 4, 15, 14, 27, 30, 23, 13, 26, 10, 4, 0, 
	35, 32, 2, 15, 23, 13, 29, 22.105, 15, 7, 7, 33, 23, 21, 19, 8, 24, 
	28.737, 20, 14, 17, 19, 5, 8, 22, 11, 13, 11.053, 24, 19, 27, 4, 38, 11,
	21, 1, 4, 7, 20, 17, 6.3, 12, 16, 31.5, 30, 1, 32, 29, 6, 17, 13, 15, 
	11, 17, 23, 23, 15, 19, 21, 8, 34, 21, 27, 32, 29, 22, 12, 36, 15, 3, 
	24, 18, 2, 14, 19, 7, 8, 27, 25, 28, 39, 18, 8, 31, 6, 19, 19, 16, 15, 
	54, 19, 12, 24, 37, 9, 18, 4, 15, 19, 26, 28, 14, 15, 18, 29, 10, 16, 0,
	31, 33, 21, 18, 37.8, 20, 11, 26, 43, 12, 22, 36, 16, 41, 16, 8, 10, 18,
	27, 28, 23, 32, 23.1, 11, 7, 24, 12, 25, 4, 5, 13, 17, 24, 32, 19, 9, 6,
	10, 11, 16, 25, 17, 24, 27, 24, 26, 17, 26, 13, 11, 8, 12, 31, 8.4, 10, 
	16, 13, 18, 13, 11, 21, 37, 32, 33, 11, 29, 23, 15, 22, 25, 30, 23, 10, 
	8, 16, 9, 12.158, 5, 19, 23, 28, 16, 25, 22, 28, 28, 18, 15, 9, 26, 19, 
	26, 10, 1, 30, 7, 11, 10, 11, 11, 12, 29, 27, 20, 9, 18, 10, 1, 5, 20, 
	7, 7, 26, 4, 11, 20, 11, 31, 13, 6, 17, 5, 27, 9, 10, 5, 17, 7, 27, 23, 
	26, 10, 8.4, 23, 15, 24, 33, 21, 23, 23.1, 25, 2, 20, 23, 9, 28, 13, 22,
	17, 20, 5, 8, 20, 34, 13, 23, 8, 15, 22, 19, 23, 17, 22, 12, 13, 7, 14, 
	10, 7, 16, 11, 11, 15, 15, 17, 23, 23, 18, 23, 20, 36, 9, 14, 1, 3, 40, 
	13, 39, 24, 26, 18, 19, 14.7, 2, 11, 0, 17, 20, 22, 21, 23, 29, 5, 23, 
	8, 12, 10, 15.75, 2, 9, 2, 15, 4, 25, 23, 15, 3, 9, 20, 5, 29, 21, 1, 
	18, 15, 20, 10, 20, 15, 20, 25, 13, 13, 15, 8, 9, 16, 11, 31, 13, 5, 9, 
	15, 20, 21, 23, 5, 17, 13, 9, 20, 10, 17, 31.5),